ubuntu@ip-172-31-61-7:~/HW3$ python Example_1.py
--------------------------------------------------------------------------------
Coefficient of CPU operation: 1.43714211052
CPU time: 0.000035s
[   2.87428422    4.31142633    4.31142633    4.31142633   18.68284744
    7.18571055   28.74284221    7.18571055   27.3057001    17.24570533
   14.37142111   24.43141588    8.62285266    2.87428422    4.31142633
    2.87428422   56.04854231   20.11998955    2.87428422   44.55140543
  162.39705849   47.42568965  106.34851618   87.66566874   33.05426854
   30.17998432   17.24570533    5.74856844  431.14263316   11.49713688
    2.87428422  127.90564784   35.92855276    2.87428422   56.04854231
   10.05999477   12.93427899    2.87428422   74.73138975   56.04854231
    4.31142633    5.74856844  112.09708462    2.87428422    4.31142633
    7.18571055   14.37142111   14.37142111   12.93427899    5.74856844
    5.74856844   27.3057001     4.31142633    2.87428422  120.71993728
   61.79711075   63.23425286    2.87428422    2.87428422    4.31142633
    7.18571055   35.92855276    2.87428422   22.99427377   48.86283176
    5.74856844   18.68284744   97.72566352    4.31142633    2.87428422
    2.87428422   35.92855276  110.65994251    7.18571055   21.55713166
    7.18571055    5.74856844    5.74856844   11.49713688   14.37142111
   10.05999477   11.49713688   66.10853708   38.80283698    2.87428422
   11.49713688   21.55713166   14.37142111    2.87428422   87.66566874
   22.99427377  142.27706894    2.87428422   18.68284744   38.80283698
   51.73711598    2.87428422    7.18571055    7.18571055   11.49713688]
--------------------------------------------------------------------------------
Coefficient of GPU operation: 1.43714211052
GPU time: 0.531286s
[   2.87428422    4.31142633    4.31142633    4.31142633   18.68284744
    7.18571055   28.74284221    7.18571055   27.3057001    17.24570533
   14.37142111   24.43141588    8.62285266    2.87428422    4.31142633
    2.87428422   56.04854231   20.11998955    2.87428422   44.55140543
  162.39705849   47.42568965  106.34851618   87.66566874   33.05426854
   30.17998432   17.24570533    5.74856844  431.14263316   11.49713688
    2.87428422  127.90564784   35.92855276    2.87428422   56.04854231
   10.05999477   12.93427899    2.87428422   74.73138975   56.04854231
    4.31142633    5.74856844  112.09708462    2.87428422    4.31142633
    7.18571055   14.37142111   14.37142111   12.93427899    5.74856844
    5.74856844   27.3057001     4.31142633    2.87428422  120.71993728
   61.79711075   63.23425286    2.87428422    2.87428422    4.31142633
    7.18571055   35.92855276    2.87428422   22.99427377   48.86283176
    5.74856844   18.68284744   97.72566352    4.31142633    2.87428422
    2.87428422   35.92855276  110.65994251    7.18571055   21.55713166
    7.18571055    5.74856844    5.74856844   11.49713688   14.37142111
   10.05999477   11.49713688   66.10853708   38.80283698    2.87428422
   11.49713688   21.55713166   14.37142111    2.87428422   87.66566874
   22.99427377  142.27706894    2.87428422   18.68284744   38.80283698
   51.73711598    2.87428422    7.18571055    7.18571055   11.49713688]
--------------------------------------------------------------------------------
CPU-GPU difference:
[ 0.  0.  0.  0.  0.  0.  0.  0.  0.  0.  0.  0.  0.  0.  0.  0.  0.  0.
  0.  0.  0.  0.  0.  0.  0.  0.  0.  0.  0.  0.  0.  0.  0.  0.  0.  0.
  0.  0.  0.  0.  0.  0.  0.  0.  0.  0.  0.  0.  0.  0.  0.  0.  0.  0.
  0.  0.  0.  0.  0.  0.  0.  0.  0.  0.  0.  0.  0.  0.  0.  0.  0.  0.
  0.  0.  0.  0.  0.  0.  0.  0.  0.  0.  0.  0.  0.  0.  0.  0.  0.  0.
  0.  0.  0.  0.  0.  0.  0.  0.  0.  0.]
ubuntu@ip-172-31-61-7:~/HW3$
